name=2.5.4.41
street=2.5.4.9
pseudonym=2.5.4.65
postaladdress=2.5.4.16
businesscategory=2.5.4.15
postalcode=2.5.4.17
unstructuredaddress=1.2.840.113549.1.9.8
unstructuredname=1.2.840.113549.1.9.2
dn=2.5.4.46
cn=2.5.4.3
emailaddress=1.2.840.113549.1.9.1
e=1.2.840.113549.1.9.1
email=1.2.840.113549.1.9.1
sn=2.5.4.5
serialnumber=2.5.4.5
telephonenumber=2.5.4.20
uid=0.9.2342.19200300.100.1.1
gn=2.5.4.42
givenname=2.5.4.42
initials=2.5.4.43
surname=2.5.4.4
generation=2.5.4.44
t=2.5.4.12
ou=2.5.4.11
o=2.5.4.10
l=2.5.4.7
st=2.5.4.8
dc=0.9.2342.19200300.100.1.25
c=2.5.4.6